[gd_scene load_steps=50 format=3 uid="uid://h3r1d42it2ut"]

[ext_resource type="Script" path="res://main.gd" id="1_y3a05"]
[ext_resource type="PackedScene" uid="uid://nqaltxfxv1gr" path="res://player.tscn" id="2_lbx66"]
[ext_resource type="Terrain3DMaterial" uid="uid://jj8rehsyihdg" path="res://new_terrain_3d_material.tres" id="4_b3sqw"]
[ext_resource type="PackedScene" uid="uid://dinx2n1kr6nxt" path="res://tree.tscn" id="4_gfekl"]
[ext_resource type="Terrain3DTextureList" uid="uid://cxxgwh8nc3h21" path="res://new_terrain_3d_texture_list.tres" id="5_fqye3"]
[ext_resource type="Terrain3DStorage" uid="uid://smjxvslnotwx" path="res://new_terrain_3d_storage.res" id="8_a0fla"]
[ext_resource type="PackedScene" uid="uid://cbbuqe37bac5p" path="res://cricket.tscn" id="8_ilbwb"]
[ext_resource type="PackedScene" uid="uid://qu8m8i5m2acd" path="res://signpost.tscn" id="9_8itpl"]
[ext_resource type="PackedScene" uid="uid://030k1q35if8y" path="res://house.tscn" id="10_xdnt2"]
[ext_resource type="PackedScene" uid="uid://dx1ic8e4exr86" path="res://scenes/ui/ui.tscn" id="11_usrys"]
[ext_resource type="Shader" path="res://main.gdshader" id="12_35pxv"]
[ext_resource type="PackedScene" uid="uid://bdn0o2f8qbgk" path="res://cedric.tscn" id="12_ax3ba"]
[ext_resource type="Texture2D" uid="uid://bi7ytov5l6euy" path="res://assets/Skeleton/monkey.jpg" id="12_hbp13"]
[ext_resource type="AudioStream" uid="uid://j5w3xpbaplrs" path="res://assets/audio/music/horror-background-atmosphere-for-horror-and-mystical-179447.mp3" id="14_y84eg"]
[ext_resource type="AudioStream" uid="uid://b44nqnfus16hc" path="res://assets/audio/sound_effects/Horror Choir Scary Sound Effect.mp3" id="15_ww56w"]
[ext_resource type="PackedScene" uid="uid://tc0pw02m12e2" path="res://skull.tscn" id="16_4ask6"]
[ext_resource type="ArrayMesh" uid="uid://dpci07ey3ih3n" path="res://assets/models/Well_obj/Well.obj" id="17_chujx"]
[ext_resource type="PackedScene" uid="uid://c7xxhqgfuhhov" path="res://rock_arch.tscn" id="18_5qoh6"]
[ext_resource type="PackedScene" uid="uid://cqapmgn7vakkj" path="res://mausoleum.tscn" id="19_wcieb"]
[ext_resource type="PackedScene" uid="uid://d0k3gkte6gqhl" path="res://page.tscn" id="20_b2i1c"]
[ext_resource type="PackedScene" uid="uid://byp887bp7vco1" path="res://assets/models/remains/scene.gltf" id="21_soo3d"]
[ext_resource type="PackedScene" uid="uid://d2vyr3cat8e6o" path="res://assets/models/Headstone3/headstone_3.tscn" id="23_50fpa"]
[ext_resource type="PackedScene" uid="uid://du42fl1gkhb0h" path="res://assets/models/Headstone4/headstone_4.tscn" id="23_84gbe"]
[ext_resource type="PackedScene" uid="uid://chrbsmggm8opq" path="res://assets/models/Headstone2/headstone_2.tscn" id="24_sopem"]
[ext_resource type="PackedScene" uid="uid://17c4kmj323ib" path="res://assets/models/Crossstone/cross_stone.tscn" id="26_hplrs"]
[ext_resource type="PackedScene" uid="uid://b54uvt8meaxdf" path="res://assets/models/Church/church.tscn" id="27_mapp5"]
[ext_resource type="PackedScene" uid="uid://b4td5oi06ckg8" path="res://assets/models/Angel1/angel_1.tscn" id="28_dj8na"]
[ext_resource type="PackedScene" uid="uid://d225smg2vwwb8" path="res://assets/models/CemetaryGate/cemetary_gate.tscn" id="28_neona"]
[ext_resource type="PackedScene" uid="uid://brtae25pkuhpw" path="res://assets/models/Wall2/wall_2.tscn" id="29_pvaao"]
[ext_resource type="PackedScene" uid="uid://c84pkl58fkffa" path="res://assets/models/Wall1/wall_1.tscn" id="30_u4xqx"]
[ext_resource type="PackedScene" uid="uid://cpnrviyeromf5" path="res://assets/models/Pillar1/pillar_1.tscn" id="31_r3yim"]
[ext_resource type="PackedScene" uid="uid://0v1nvqt5ohl" path="res://assets/models/SmallMausoleum1/small_maus_1.tscn" id="32_8pgyy"]
[ext_resource type="PackedScene" uid="uid://bi0mjvusho31o" path="res://assets/models/SmallMausoleum2/small_maus_2.tscn" id="33_4t3it"]
[ext_resource type="Script" path="res://SkullGroup.gd" id="34_b82b0"]
[ext_resource type="PackedScene" uid="uid://b5gt2bx07wd03" path="res://assets/models/SmallMausoleum3/small_maus_3.tscn" id="34_th04d"]
[ext_resource type="PackedScene" uid="uid://cr4i4u2jhdyq" path="res://assets/models/market_stall_1/stall.tscn" id="36_sa1h6"]
[ext_resource type="PackedScene" uid="uid://0ca7iald35bs" path="res://assets/models/CartOfBarrels/cart_of_barrels.tscn" id="37_lb2k0"]
[ext_resource type="PackedScene" uid="uid://c85ubr2r1vi8o" path="res://assets/models/notice_board_low-poly/notice_board.tscn" id="38_tv8sy"]
[ext_resource type="PackedScene" uid="uid://bxwxiga4urkxo" path="res://assets/models/market_stall_2/market_stall_2.tscn" id="39_3fl5x"]
[ext_resource type="PackedScene" uid="uid://cb1141gi5g6s0" path="res://assets/models/market_stall_3/market_stall_3.tscn" id="40_vn0m4"]
[ext_resource type="PackedScene" uid="uid://b6cidcfjuty3k" path="res://assets/models/table_set/TableSet.tscn" id="41_xlfp5"]
[ext_resource type="PackedScene" uid="uid://cu34ecivriip6" path="res://assets/models/medieval_blacksmith/smithy.tscn" id="42_n6347"]
[ext_resource type="PackedScene" uid="uid://rlwf725f0e6l" path="res://assets/models/tower/tower.tscn" id="43_4m4ak"]
[ext_resource type="PackedScene" uid="uid://dxlcx2kuw6hfu" path="res://assets/models/gallow_1/gallows.tscn" id="44_57ilo"]

[sub_resource type="ProceduralSkyMaterial" id="ProceduralSkyMaterial_uhpog"]
sky_top_color = Color(0.172549, 0.211765, 0.266667, 1)
sky_horizon_color = Color(0.529412, 0.533333, 0.54902, 1)

[sub_resource type="Sky" id="Sky_e7hv7"]
sky_material = SubResource("ProceduralSkyMaterial_uhpog")
radiance_size = 0

[sub_resource type="Environment" id="Environment_g4vby"]
background_mode = 2
background_energy_multiplier = 0.0
sky = SubResource("Sky_e7hv7")
ambient_light_source = 2
ambient_light_color = Color(1, 1, 1, 1)
ambient_light_energy = 0.0

[sub_resource type="ShaderMaterial" id="ShaderMaterial_coeak"]
shader = ExtResource("12_35pxv")
shader_parameter/ghost = 0.0
shader_parameter/speed = 20.0
shader_parameter/giggle = 10.0
shader_parameter/amplitude = 0.01

[sub_resource type="CylinderShape3D" id="CylinderShape3D_18whr"]
height = 127.807
radius = 35.3178

[node name="Main" type="Node3D"]
script = ExtResource("1_y3a05")

[node name="WorldEnvironment" type="WorldEnvironment" parent="."]
environment = SubResource("Environment_g4vby")

[node name="Player" parent="." instance=ExtResource("2_lbx66")]
transform = Transform3D(-0.19805, 0, -0.980191, 0, 1, 0, 0.980191, 0, -0.19805, 152.872, 1.62609, -121.589)

[node name="Cricket" parent="." instance=ExtResource("8_ilbwb")]
transform = Transform3D(1, 0, 0, 0, 1, 0, 0, 0, 1, 40.2331, 0, -55.5793)

[node name="Trees" type="Node3D" parent="."]

[node name="Tree" parent="Trees" instance=ExtResource("4_gfekl")]
transform = Transform3D(1, 0, 0, 0, 1, 0, 0, 0, 1, 93.3787, 0, -82.2741)

[node name="Tree2" parent="Trees" instance=ExtResource("4_gfekl")]
transform = Transform3D(1, 0, 0, 0, 1, 0, 0, 0, 1, 94.6517, 0, -77.4467)

[node name="Tree3" parent="Trees" instance=ExtResource("4_gfekl")]
transform = Transform3D(1, 0, 0, 0, 1, 0, 0, 0, 1, 87.652, 0, -95.0291)

[node name="Tree4" parent="Trees" instance=ExtResource("4_gfekl")]
transform = Transform3D(1, 0, 0, 0, 1, 0, 0, 0, 1, 96.5519, 0, -84.7303)

[node name="Tree5" parent="Trees" instance=ExtResource("4_gfekl")]
transform = Transform3D(1, 0, 0, 0, 1, 0, 0, 0, 1, 90.5316, 1.03691, -98.5101)

[node name="Tree6" parent="Trees" instance=ExtResource("4_gfekl")]
transform = Transform3D(1, 0, 0, 0, 1, 0, 0, 0, 1, 80.7787, 0, -82.0388)

[node name="Tree7" parent="Trees" instance=ExtResource("4_gfekl")]
transform = Transform3D(1, 0, 0, 0, 1, 0, 0, 0, 1, 98.9771, 3.26234, -110.449)

[node name="Tree8" parent="Trees" instance=ExtResource("4_gfekl")]
transform = Transform3D(1, 0, 0, 0, 1, 0, 0, 0, 1, 87.652, 0, -129.703)

[node name="Tree9" parent="Trees" instance=ExtResource("4_gfekl")]
transform = Transform3D(1, 0, 0, 0, 1, 0, 0, 0, 1, 99.946, 3.456, -117.066)

[node name="Tree10" parent="Trees" instance=ExtResource("4_gfekl")]
transform = Transform3D(1, 0, 0, 0, 1, 0, 0, 0, 1, 90.5316, 0, -133.184)

[node name="Tree11" parent="Trees" instance=ExtResource("4_gfekl")]
transform = Transform3D(1, 0, 0, 0, 1, 0, 0, 0, 1, 80.7787, 0, -116.713)

[node name="Tree12" parent="Trees" instance=ExtResource("4_gfekl")]
transform = Transform3D(0.830761, 0, -0.556629, 0, 1, 0, 0.556629, 0, 0.830761, 67.3287, 0, -98.8493)

[node name="Tree13" parent="Trees" instance=ExtResource("4_gfekl")]
transform = Transform3D(0.830761, 0, -0.556629, 0, 1, 0, 0.556629, 0, 0.830761, 68.638, 0, -121.149)

[node name="Tree14" parent="Trees" instance=ExtResource("4_gfekl")]
transform = Transform3D(0.830761, 0, -0.556629, 0, 1, 0, 0.556629, 0, 0.830761, 71.8169, 0, -103.807)

[node name="Tree15" parent="Trees" instance=ExtResource("4_gfekl")]
transform = Transform3D(0.830761, 0, -0.556629, 0, 1, 0, 0.556629, 0, 0.830761, 72.9679, 0, -122.438)

[node name="Tree16" parent="Trees" instance=ExtResource("4_gfekl")]
transform = Transform3D(0.830761, 0, -0.556629, 0, 1, 0, 0.556629, 0, 0.830761, 55.6972, 0, -114.183)

[node name="Tree17" parent="Trees" instance=ExtResource("4_gfekl")]
transform = Transform3D(1, 0, 0, 0, 1, 0, 0, 0, 1, 144.332, 0, -81.7387)

[node name="Tree18" parent="Trees" instance=ExtResource("4_gfekl")]
transform = Transform3D(1, 0, 0, 0, 1, 0, 0, 0, 1, 148.232, 0, -75.7743)

[node name="Tree19" parent="Trees" instance=ExtResource("4_gfekl")]
transform = Transform3D(1, 0, 0, 0, 1, 0, 0, 0, 1, 136.907, 0, -95.0291)

[node name="Tree20" parent="Trees" instance=ExtResource("4_gfekl")]
transform = Transform3D(1, 0, 0, 0, 1, 0, 0, 0, 1, 149.201, 0, -82.3913)

[node name="Tree21" parent="Trees" instance=ExtResource("4_gfekl")]
transform = Transform3D(1, 0, 0, 0, 1, 0, 0, 0, 1, 139.787, 0, -98.5101)

[node name="Tree22" parent="Trees" instance=ExtResource("4_gfekl")]
transform = Transform3D(1, 0, 0, 0, 1, 0, 0, 0, 1, 134.329, 0, -73.8203)

[node name="Tree23" parent="Trees" instance=ExtResource("4_gfekl")]
transform = Transform3D(1, 0, 0, 0, 1, 0, 0, 0, 1, 148.232, 0, -110.449)

[node name="Tree24" parent="Trees" instance=ExtResource("4_gfekl")]
transform = Transform3D(1, 0, 0, 0, 1, 0, 0, 0, 1, 136.907, 0, -129.703)

[node name="Tree25" parent="Trees" instance=ExtResource("4_gfekl")]
transform = Transform3D(1, 0, 0, 0, 1, 0, 0, 0, 1, 149.201, 0, -117.066)

[node name="Tree26" parent="Trees" instance=ExtResource("4_gfekl")]
transform = Transform3D(1, 0, 0, 0, 1, 0, 0, 0, 1, 139.787, 0, -133.184)

[node name="Tree27" parent="Trees" instance=ExtResource("4_gfekl")]
transform = Transform3D(1, 0, 0, 0, 1, 0, 0, 0, 1, 130.034, 0, -116.713)

[node name="Tree28" parent="Trees" instance=ExtResource("4_gfekl")]
transform = Transform3D(0.830761, 0, -0.556629, 0, 1, 0, 0.556629, 0, 0.830761, 116.584, 0, -98.8493)

[node name="Tree29" parent="Trees" instance=ExtResource("4_gfekl")]
transform = Transform3D(0.830761, 0, -0.556629, 0, 1, 0, 0.556629, 0, 0.830761, 117.893, 0, -121.149)

[node name="Tree30" parent="Trees" instance=ExtResource("4_gfekl")]
transform = Transform3D(0.830761, 0, -0.556629, 0, 1, 0, 0.556629, 0, 0.830761, 121.072, 0, -103.807)

[node name="Tree31" parent="Trees" instance=ExtResource("4_gfekl")]
transform = Transform3D(0.830761, 0, -0.556629, 0, 1, 0, 0.556629, 0, 0.830761, 122.223, 0, -122.438)

[node name="Tree32" parent="Trees" instance=ExtResource("4_gfekl")]
transform = Transform3D(0.830761, 0, -0.556629, 0, 1, 0, 0.556629, 0, 0.830761, 104.953, 0.0944633, -114.183)

[node name="Tree33" parent="Trees" instance=ExtResource("4_gfekl")]
transform = Transform3D(0.713886, 0, 0.700262, 0, 1, 0, -0.700262, 0, 0.713886, 154.436, 0, -60.6523)

[node name="Tree34" parent="Trees" instance=ExtResource("4_gfekl")]
transform = Transform3D(0.713886, 0, 0.700262, 0, 1, 0, -0.700262, 0, 0.713886, 161.397, 0, -59.1257)

[node name="Tree35" parent="Trees" instance=ExtResource("4_gfekl")]
transform = Transform3D(0.713886, 0, 0.700262, 0, 1, 0, -0.700262, 0, 0.713886, 139.829, 0, -64.9408)

[node name="Tree36" parent="Trees" instance=ExtResource("4_gfekl")]
transform = Transform3D(0.713886, 0, 0.700262, 0, 1, 0, -0.700262, 0, 0.713886, 157.455, 0, -64.528)

[node name="Tree37" parent="Trees" instance=ExtResource("4_gfekl")]
transform = Transform3D(0.713886, 0, 0.700262, 0, 1, 0, -0.700262, 0, 0.713886, 139.447, 0, -69.4423)

[node name="Tree38" parent="Trees" instance=ExtResource("4_gfekl")]
transform = Transform3D(0.713886, 0, 0.700262, 0, 1, 0, -0.700262, 0, 0.713886, 144.019, 0, -50.8542)

[node name="Tree39" parent="Trees" instance=ExtResource("4_gfekl")]
transform = Transform3D(0.713886, 0, 0.700262, 0, 1, 0, -0.700262, 0, 0.713886, 137.116, 0, -83.8791)

[node name="Tree40" parent="Trees" instance=ExtResource("4_gfekl")]
transform = Transform3D(0.713886, 0, 0.700262, 0, 1, 0, -0.700262, 0, 0.713886, 115.548, 0, -89.6943)

[node name="Tree41" parent="Trees" instance=ExtResource("4_gfekl")]
transform = Transform3D(0.713886, 0, 0.700262, 0, 1, 0, -0.700262, 0, 0.713886, 122.934, 0, -77.784)

[node name="Tree42" parent="Trees" instance=ExtResource("4_gfekl")]
transform = Transform3D(0.713886, 0, 0.700262, 0, 1, 0, -0.700262, 0, 0.713886, 110.719, 0, -94.8435)

[node name="Tree43" parent="Trees" instance=ExtResource("4_gfekl")]
transform = Transform3D(0.713886, 0, 0.700262, 0, 1, 0, -0.700262, 0, 0.713886, 135.813, 0, -69.2288)

[node name="Tree44" parent="Trees" instance=ExtResource("4_gfekl")]
transform = Transform3D(0.982855, 0, 0.18438, 0, 1, 0, -0.18438, 0, 0.982855, 122.645, 0, -53.4364)

[node name="Tree45" parent="Trees" instance=ExtResource("4_gfekl")]
transform = Transform3D(0.982855, 0, 0.18438, 0, 1, 0, -0.18438, 0, 0.982855, 114.804, 0, -65.3446)

[node name="Tree46" parent="Trees" instance=ExtResource("4_gfekl")]
transform = Transform3D(0.982855, 0, 0.18438, 0, 1, 0, -0.18438, 0, 0.982855, 122.377, 0, -60.1186)

[node name="Tree47" parent="Trees" instance=ExtResource("4_gfekl")]
transform = Transform3D(0.982855, 0, 0.18438, 0, 1, 0, -0.18438, 0, 0.982855, 95.1919, 0, -58.0825)

[node name="Tree48" parent="Trees" instance=ExtResource("4_gfekl")]
transform = Transform3D(0.982855, 0, 0.18438, 0, 1, 0, -0.18438, 0, 0.982855, 101.925, 0, -56.2381)

[node name="Tree49" parent="Trees" instance=ExtResource("4_gfekl")]
transform = Transform3D(1, 0, 0, 0, 1, 0, 0, 0, 1, 82.0156, 0, -151.337)

[node name="Tree50" parent="Trees" instance=ExtResource("4_gfekl")]
transform = Transform3D(1, 0, 0, 0, 1, 0, 0, 0, 1, 85.9159, 0, -145.373)

[node name="Tree51" parent="Trees" instance=ExtResource("4_gfekl")]
transform = Transform3D(1, 0, 0, 0, 1, 0, 0, 0, 1, 74.5908, 0, -164.627)

[node name="Tree52" parent="Trees" instance=ExtResource("4_gfekl")]
transform = Transform3D(1, 0, 0, 0, 1, 0, 0, 0, 1, 86.8848, 0, -151.99)

[node name="Tree53" parent="Trees" instance=ExtResource("4_gfekl")]
transform = Transform3D(1, 0, 0, 0, 1, 0, 0, 0, 1, 77.4704, 0, -168.108)

[node name="Tree54" parent="Trees" instance=ExtResource("4_gfekl")]
transform = Transform3D(1, 0, 0, 0, 1, 0, 0, 0, 1, 67.7175, 0, -151.637)

[node name="Tree55" parent="Trees" instance=ExtResource("4_gfekl")]
transform = Transform3D(1, 0, 0, 0, 1, 0, 0, 0, 1, 85.9159, 0, -180.047)

[node name="Tree56" parent="Trees" instance=ExtResource("4_gfekl")]
transform = Transform3D(1, 0, 0, 0, 1, 0, 0, 0, 1, 74.5908, 0, -199.302)

[node name="Tree57" parent="Trees" instance=ExtResource("4_gfekl")]
transform = Transform3D(1, 0, 0, 0, 1, 0, 0, 0, 1, 86.8848, 0, -186.664)

[node name="Tree58" parent="Trees" instance=ExtResource("4_gfekl")]
transform = Transform3D(1, 0, 0, 0, 1, 0, 0, 0, 1, 77.4704, 0, -202.783)

[node name="Tree59" parent="Trees" instance=ExtResource("4_gfekl")]
transform = Transform3D(1, 0, 0, 0, 1, 0, 0, 0, 1, 67.7175, 0, -186.311)

[node name="Tree60" parent="Trees" instance=ExtResource("4_gfekl")]
transform = Transform3D(0.830761, 0, -0.556629, 0, 1, 0, 0.556629, 0, 0.830761, 54.2675, 0, -168.448)

[node name="Tree61" parent="Trees" instance=ExtResource("4_gfekl")]
transform = Transform3D(0.830761, 0, -0.556629, 0, 1, 0, 0.556629, 0, 0.830761, 55.5768, 0, -190.748)

[node name="Tree62" parent="Trees" instance=ExtResource("4_gfekl")]
transform = Transform3D(0.830761, 0, -0.556629, 0, 1, 0, 0.556629, 0, 0.830761, 58.7557, 0, -173.405)

[node name="Tree63" parent="Trees" instance=ExtResource("4_gfekl")]
transform = Transform3D(0.830761, 0, -0.556629, 0, 1, 0, 0.556629, 0, 0.830761, 59.9067, 0, -192.037)

[node name="Tree64" parent="Trees" instance=ExtResource("4_gfekl")]
transform = Transform3D(0.830761, 0, -0.556629, 0, 1, 0, 0.556629, 0, 0.830761, 42.636, 0, -183.782)

[node name="Tree65" parent="Trees" instance=ExtResource("4_gfekl")]
transform = Transform3D(-0.661875, 0, 0.749615, 0, 1, 0, -0.749615, 0, -0.661875, 132.745, 0, -190.52)

[node name="Tree66" parent="Trees" instance=ExtResource("4_gfekl")]
transform = Transform3D(-0.661875, 0, 0.749615, 0, 1, 0, -0.749615, 0, -0.661875, 134.634, 0, -197.391)

[node name="Tree67" parent="Trees" instance=ExtResource("4_gfekl")]
transform = Transform3D(-0.661875, 0, 0.749615, 0, 1, 0, -0.749615, 0, -0.661875, 127.696, 0, -176.158)

[node name="Tree68" parent="Trees" instance=ExtResource("4_gfekl")]
transform = Transform3D(-0.661875, 0, 0.749615, 0, 1, 0, -0.749615, 0, -0.661875, 129.033, 0, -193.738)

[node name="Tree69" parent="Trees" instance=ExtResource("4_gfekl")]
transform = Transform3D(-0.661875, 0, 0.749615, 0, 1, 0, -0.749615, 0, -0.661875, 123.181, 0, -176.012)

[node name="Tree70" parent="Trees" instance=ExtResource("4_gfekl")]
transform = Transform3D(-0.661875, 0, 0.749615, 0, 1, 0, -0.749615, 0, -0.661875, 141.983, 0, -179.603)

[node name="Tree71" parent="Trees" instance=ExtResource("4_gfekl")]
transform = Transform3D(-0.661875, 0, 0.749615, 0, 1, 0, -0.749615, 0, -0.661875, 108.642, 0, -174.441)

[node name="Tree72" parent="Trees" instance=ExtResource("4_gfekl")]
transform = Transform3D(-0.661875, 0, 0.749615, 0, 1, 0, -0.749615, 0, -0.661875, 101.704, 0, -153.207)

[node name="Tree73" parent="Trees" instance=ExtResource("4_gfekl")]
transform = Transform3D(-0.661875, 0, 0.749615, 0, 1, 0, -0.749615, 0, -0.661875, 103.04, 0, -170.788)

[node name="Tree74" parent="Trees" instance=ExtResource("4_gfekl")]
transform = Transform3D(-0.661875, 0, 0.749615, 0, 1, 0, -0.749615, 0, -0.661875, 97.1886, 0, -153.062)

[node name="Tree75" parent="Trees" instance=ExtResource("4_gfekl")]
transform = Transform3D(-0.661875, 0, 0.749615, 0, 1, 0, -0.749615, 0, -0.661875, 115.991, 0, -156.653)

[node name="Tree76" parent="Trees" instance=ExtResource("4_gfekl")]
transform = Transform3D(-0.132602, 0, 0.991169, 0, 1, 0, -0.991169, 0, -0.132602, 138.284, 0, -158.394)

[node name="Tree77" parent="Trees" instance=ExtResource("4_gfekl")]
transform = Transform3D(-0.132602, 0, 0.991169, 0, 1, 0, -0.991169, 0, -0.132602, 120.701, 0, -144.616)

[node name="Tree78" parent="Trees" instance=ExtResource("4_gfekl")]
transform = Transform3D(-0.132602, 0, 0.991169, 0, 1, 0, -0.991169, 0, -0.132602, 131.597, 0, -158.477)

[node name="Tree79" parent="Trees" instance=ExtResource("4_gfekl")]
transform = Transform3D(-0.132602, 0, 0.991169, 0, 1, 0, -0.991169, 0, -0.132602, 116.869, 0, -147.009)

[node name="Tree80" parent="Trees" instance=ExtResource("4_gfekl")]
transform = Transform3D(-0.132602, 0, 0.991169, 0, 1, 0, -0.991169, 0, -0.132602, 134.488, 0, -139.526)

[node name="Tree81" parent="Trees" instance=ExtResource("4_gfekl")]
transform = Transform3D(1, 0, 0, 0, 1, 0, 0, 0, 1, 82.0752, 0, -86.9219)

[node name="Tree82" parent="Trees" instance=ExtResource("4_gfekl")]
transform = Transform3D(1, 0, 0, 0, 1, 0, 0, 0, 1, 90.2381, 0, -65.3815)

[node name="Tree83" parent="Trees" instance=ExtResource("4_gfekl")]
transform = Transform3D(1, 0, 0, 0, 1, 0, 0, 0, 1, 76.2809, 0, -94.444)

[node name="Tree84" parent="Trees" instance=ExtResource("4_gfekl")]
transform = Transform3D(1, 0, 0, 0, 1, 0, 0, 0, 1, 72.3438, 0, -138.262)

[node name="Tree85" parent="Trees" instance=ExtResource("4_gfekl")]
transform = Transform3D(1, 0, 0, 0, 1, 0, 0, 0, 1, 57.1675, 0, -91.4852)

[node name="Tree86" parent="Trees" instance=ExtResource("4_gfekl")]
transform = Transform3D(1, 0, 0, 0, 1, 0, 0, 0, 1, 64.9977, 0, -76.0511)

[node name="Tree87" parent="Trees" instance=ExtResource("4_gfekl")]
transform = Transform3D(1, 0, 0, 0, 1, 0, 0, 0, 1, 79.8377, 0, -58.3272)

[node name="Tree88" parent="Trees" instance=ExtResource("4_gfekl")]
transform = Transform3D(1, 0, 0, 0, 1, 0, 0, 0, 1, 64.4507, 0, -87.2442)

[node name="Tree89" parent="Trees" instance=ExtResource("4_gfekl")]
transform = Transform3D(1, 0, 0, 0, 1, 0, 0, 0, 1, 59.7971, 0, -66.9734)

[node name="Tree90" parent="Trees" instance=ExtResource("4_gfekl")]
transform = Transform3D(1, 0, 0, 0, 1, 0, 0, 0, 1, 62.3434, 0, -48.8812)

[node name="Tree91" parent="Trees" instance=ExtResource("4_gfekl")]
transform = Transform3D(1, 0, 0, 0, 1, 0, 0, 0, 1, 56.4648, 0, -73.7901)

[node name="Tree92" parent="Trees" instance=ExtResource("4_gfekl")]
transform = Transform3D(1, 0, 0, 0, 1, 0, 0, 0, 1, 62.0098, 0, -128.753)

[node name="Tree93" parent="Trees" instance=ExtResource("4_gfekl")]
transform = Transform3D(1, 0, 0, 0, 1, 0, 0, 0, 1, 78.2539, 0, -179.112)

[node name="Tree94" parent="Trees" instance=ExtResource("4_gfekl")]
transform = Transform3D(1, 0, 0, 0, 1, 0, 0, 0, 1, 107.677, 0, -193.696)

[node name="Tree95" parent="Trees" instance=ExtResource("4_gfekl")]
transform = Transform3D(1, 0, 0, 0, 1, 0, 0, 0, 1, 114.683, 0, -194.154)

[node name="Tree96" parent="Trees" instance=ExtResource("4_gfekl")]
transform = Transform3D(1, 0, 0, 0, 1, 0, 0, 0, 1, 117.801, 0, -183.686)

[node name="Tree97" parent="Trees" instance=ExtResource("4_gfekl")]
transform = Transform3D(1, 0, 0, 0, 1, 0, 0, 0, 1, 93.8823, 0, -202.345)

[node name="Tree98" parent="Trees" instance=ExtResource("4_gfekl")]
transform = Transform3D(1, 0, 0, 0, 1, 0, 0, 0, 1, 155.808, 0, -198.92)

[node name="Tree99" parent="Trees" instance=ExtResource("4_gfekl")]
transform = Transform3D(1, 0, 0, 0, 1, 0, 0, 0, 1, 151.172, 0, -183.374)

[node name="Tree100" parent="Trees" instance=ExtResource("4_gfekl")]
transform = Transform3D(1, 0, 0, 0, 1, 0, 0, 0, 1, 156.004, -1.90735e-06, -160.342)

[node name="Tree101" parent="Trees" instance=ExtResource("4_gfekl")]
transform = Transform3D(1, 0, 0, 0, 1, 0, 0, 0, 1, 155.11, 0, -139.972)

[node name="Signpost" parent="." instance=ExtResource("9_8itpl")]
transform = Transform3D(0.000500159, 0, -0.00497492, 0, 0.005, 0, 0.00497492, 0, 0.000500159, 110.921, 0, -102.473)

[node name="Terrain3D" type="Terrain3D" parent="."]
storage = ExtResource("8_a0fla")
material = ExtResource("4_b3sqw")
texture_list = ExtResource("5_fqye3")

[node name="UI" parent="." instance=ExtResource("11_usrys")]

[node name="Cedric" parent="." instance=ExtResource("12_ax3ba")]
transform = Transform3D(0.994996, 0, -0.0999102, 0, 1, 0, 0.0999102, 0, 0.994996, 241.121, 0.994264, 48.9396)

[node name="TeleportTimer" type="Timer" parent="Cedric"]
wait_time = 15.0
autostart = true

[node name="CanvasLayer" type="CanvasLayer" parent="."]

[node name="Sprite2D" type="Sprite2D" parent="CanvasLayer"]
visible = false
position = Vector2(826.75, 749.375)
scale = Vector2(0.365187, 0.287693)
texture = ExtResource("12_hbp13")

[node name="ColorRect" type="ColorRect" parent="CanvasLayer"]
material = SubResource("ShaderMaterial_coeak")
anchors_preset = 15
anchor_right = 1.0
anchor_bottom = 1.0
grow_horizontal = 2
grow_vertical = 2
mouse_filter = 2

[node name="AmbientMusic" type="AudioStreamPlayer" parent="."]
stream = ExtResource("14_y84eg")
volume_db = -10.0

[node name="Choir" type="AudioStreamPlayer" parent="."]
stream = ExtResource("15_ww56w")

[node name="Village" type="Node3D" parent="."]

[node name="Stall" parent="Village" instance=ExtResource("36_sa1h6")]
transform = Transform3D(-0.471197, 0, 0.882028, 0, 1, 0, -0.882028, 0, -0.471197, 179.461, 0.0615044, -102.127)

[node name="cart_of_barrels" parent="Village" instance=ExtResource("37_lb2k0")]
transform = Transform3D(0.954906, 0, 0.296908, 0, 1, 0, -0.296908, 0, 0.954906, 181, 1.32865, -98.0347)

[node name="NoticeBoard" parent="Village" instance=ExtResource("38_tv8sy")]
transform = Transform3D(0.965926, 0, 0.258819, 0, 1, 0, -0.258819, 0, 0.965926, 165.71, -0.415468, -109.365)

[node name="NoticeBoardPage1" parent="Village/NoticeBoard" instance=ExtResource("20_b2i1c")]
transform = Transform3D(-0.00881386, 0.999961, 3.85264e-10, -4.37114e-08, 4.55692e-15, -1, -0.999961, -0.00881386, 4.37097e-08, 0.0785065, 1.79837, -0.744495)
page_title = "Recruiting! Society of the Dark Altar"
page_text = "Greetings fellow citizen. My name is Cedric Leopold. I, like you have walked through the trees, among the animals, climbed mountains, traversed seas and stared up at the night sky. I, like many would be content to marry a sweet girl, have many children and spend my days in the village square and my nights in a warm bed.

One thing has always bothered me... The night sky! Every night, when I look up and see the speckled white stars, I think of them as souls. I see the souls of my father, grandfather, friend Jorvald and dear late daughter Bodil. They live on in the great beyond. I must know what it is like. I must know why so many of us down on earth live short miserable lives. Why men lead themselves to ruin.

[TODO]"

[node name="NoticeBoardPage2" parent="Village/NoticeBoard" instance=ExtResource("20_b2i1c")]
transform = Transform3D(-0.00872648, 0.999962, -4.37097e-08, 0, -4.37114e-08, -1, -0.999962, -0.00872648, 3.81446e-10, 0.0475922, 2.15872, 0.0517921)
page_title = "Leave this accursed town!"
page_text = "A great tragedy has befallen us. Ever since Cedric Leopold rode back into town after his long absense of 30 years, Angel's Crossing has not felt the same!. When I look outside at the village square, I don't see many faces anymore. Every night it seems more and more people are missing. Left in the middle of the night our Mayor says. Who believes him?

It seems the only people I see here anymore are the members of the \"Society of the Dark Altar\". The damned fools that rode in with Cedric Leopold. They're heretics I say! Cultists! I would say we should drive them out. But it seems they outnumber us now. I am leaving this town. And I suggest anyone else left of sound-mind and honest-heart leave too."

[node name="NoticeBoardPage3" parent="Village/NoticeBoard" instance=ExtResource("20_b2i1c")]
transform = Transform3D(-0.0087266, 0.999964, -4.37098e-08, 0, -4.37114e-08, -1, -0.999964, -0.0087266, 3.81456e-10, 0.049469, 1.87923, 0.798996)
page_title = "The king is sending aid"
page_text = "This is an announcement from Mayor Keisel, Mayor of Angel's Crossing. I am well aware of the numerous reports of strange occurences of recent. I am also aware of the numerous sightings of a strange \"monster\" lurking the woods at night since Cedric Leopold arrived in town and then dissapeared. 

Rest easy. I have petitioned the King for aid. Though apparently he cannot spare any armsmen, he is sending a priest. The disturbances here seem to be of a supernatural nature anyways."

[node name="MarketStall" parent="Village" instance=ExtResource("40_vn0m4")]
transform = Transform3D(-0.881303, 0, 0.47255, 0, 1, 0, -0.47255, 0, -0.881303, 175.939, 0, -102.356)

[node name="MarketStall2" parent="Village" instance=ExtResource("39_3fl5x")]
transform = Transform3D(-0.519504, 0, -0.854468, 0, 1, 0, 0.854468, 0, -0.519504, 182.583, 0, -104.323)

[node name="Well" type="MeshInstance3D" parent="."]
transform = Transform3D(0.0291339, 0, 0.00715651, 0, 0.03, 0, -0.00715651, 0, 0.0291339, 175.284, 0, -108.861)
mesh = ExtResource("17_chujx")

[node name="StaticBody3D" type="StaticBody3D" parent="Well"]

[node name="CollisionShape3D" type="CollisionShape3D" parent="Well/StaticBody3D"]
transform = Transform3D(1, 0, 0, 0, 1, 0, 0, 0, 1, 3.54492, 17.9887, -5.6665)
shape = SubResource("CylinderShape3D_18whr")

[node name="RockArch" parent="." instance=ExtResource("18_5qoh6")]
transform = Transform3D(1, 0, 0, 0, 1, 0, 0, 0, 1, 90.8657, 0, -163.956)

[node name="Remains" parent="." instance=ExtResource("21_soo3d")]
transform = Transform3D(0.3, 0, 0, 0, 0.3, 0, 0, 0, 0.3, 69.8289, -0.0624461, -63.9854)

[node name="RemainsPage" parent="." instance=ExtResource("20_b2i1c")]
transform = Transform3D(0.608997, 0, -0.793173, 0, 1, 0, 0.793173, 0, 0.608997, 69.4602, 0.0106834, -63.5473)
page_title = "Dear David"
page_text = "Dear David, I am the humble village elder of Angel's Crossing. We have been expecting you, though it seems that the King has sent a lone cleric to do the job of a squadrom of armsmen. I wish I could receive you properly. But it seems my days are numbered. I am gravely wounded. The vile demon Cedric Leopold stalks these woods. You must banish him. Collect the skulls of his followers..."

[node name="Church" parent="." instance=ExtResource("27_mapp5")]
transform = Transform3D(-0.999812, 0, 0.0194238, 0, 1, 0, -0.0194238, 0, -0.999812, 249.704, 0, -222.234)

[node name="Graveyard" type="Node3D" parent="."]

[node name="Headstone16" parent="Graveyard" instance=ExtResource("23_84gbe")]
transform = Transform3D(0.42901, 0, 0.256808, 0, 0.5, 0, -0.256808, 0, 0.42901, 110.208, 0, -67.327)

[node name="Headstone17" parent="Graveyard" instance=ExtResource("23_84gbe")]
transform = Transform3D(-0.173402, 0, -0.468969, 0, 0.5, 0, 0.468969, 0, -0.173402, 125.724, 0, -77.8947)

[node name="Headstone18" parent="Graveyard" instance=ExtResource("24_sopem")]
transform = Transform3D(0.495955, 0, -0.0634717, 0, 0.5, 0, 0.0634717, 0, 0.495955, 123.733, 0, -72.5468)

[node name="Headstone19" parent="Graveyard" instance=ExtResource("24_sopem")]
transform = Transform3D(-0.434082, 0, -0.248139, 0, 0.5, 0, 0.248139, 0, -0.434082, 117.419, 0, -84.4344)

[node name="Headstone20" parent="Graveyard" instance=ExtResource("24_sopem")]
transform = Transform3D(-0.434082, 0, -0.248139, 0, 0.5, 0, 0.248139, 0, -0.434082, 119.595, 0, -85.8242)

[node name="Headstone22" parent="Graveyard" instance=ExtResource("24_sopem")]
transform = Transform3D(-0.434082, 0, -0.248139, 0, 0.5, 0, 0.248139, 0, -0.434082, 123.993, 0, -88.3228)

[node name="Headstone23" parent="Graveyard" instance=ExtResource("24_sopem")]
transform = Transform3D(-0.434082, 0, -0.248139, 0, 0.5, 0, 0.248139, 0, -0.434082, 118.996, 0, -81.5718)

[node name="Headstone25" parent="Graveyard" instance=ExtResource("24_sopem")]
transform = Transform3D(-0.434082, 0, -0.248139, 0, 0.5, 0, 0.248139, 0, -0.434082, 123.492, 0, -84.2624)

[node name="Headstone26" parent="Graveyard" instance=ExtResource("24_sopem")]
transform = Transform3D(-0.434082, 0, -0.248139, 0, 0.5, 0, 0.248139, 0, -0.434082, 125.57, 0, -85.4601)

[node name="Headstone27" parent="Graveyard" instance=ExtResource("24_sopem")]
transform = Transform3D(-0.434082, 0, -0.248139, 0, 0.5, 0, 0.248139, 0, -0.434082, 120.62, 0, -78.8063)

[node name="Headstone28" parent="Graveyard" instance=ExtResource("24_sopem")]
transform = Transform3D(-0.434082, 0, -0.248139, 0, 0.5, 0, 0.248139, 0, -0.434082, 122.797, 0, -80.196)

[node name="Headstone29" parent="Graveyard" instance=ExtResource("24_sopem")]
transform = Transform3D(-0.434082, 0, -0.248139, 0, 0.5, 0, 0.248139, 0, -0.434082, 125.116, 0, -81.4969)

[node name="Headstone21" parent="Graveyard" instance=ExtResource("23_50fpa")]
transform = Transform3D(0.236206, 0, -0.440689, 0, 0.5, 0, 0.440689, 0, 0.236206, 121.073, 0, -75.9341)

[node name="Headstone24" parent="Graveyard" instance=ExtResource("23_50fpa")]
transform = Transform3D(0.142535, 0, 0.479253, 0, 0.5, 0, -0.479253, 0, 0.142535, 124.513, 0, -74.8647)

[node name="Headstone30" parent="Graveyard" instance=ExtResource("24_sopem")]
transform = Transform3D(0.323335, 0, -0.381385, 0, 0.5, 0, 0.381385, 0, 0.323335, 122.18, 0, -73.7496)

[node name="Headstone31" parent="Graveyard" instance=ExtResource("23_50fpa")]
transform = Transform3D(0.440247, 0, 0.237029, 0, 0.5, 0, -0.237029, 0, 0.440247, 121.832, 0, -87.0627)

[node name="Headstone32" parent="Graveyard" instance=ExtResource("23_50fpa")]
transform = Transform3D(0.452599, 0, 0.212495, 0, 0.5, 0, -0.212495, 0, 0.452599, 121.249, 4.76837e-07, -82.9507)

[node name="Headstone33" parent="Graveyard" instance=ExtResource("23_50fpa")]
transform = Transform3D(0.413614, 0, 0.280933, 0, 0.5, 0, -0.280933, 0, 0.413614, 127.281, 0, -82.5221)

[node name="Headstone34" parent="Graveyard" instance=ExtResource("23_84gbe")]
transform = Transform3D(-0.310348, 0, 0.392026, 0, 0.5, 0, -0.392026, 0, -0.310348, 110.673, 0, -63.9912)

[node name="CrossStone" parent="Graveyard" instance=ExtResource("26_hplrs")]
transform = Transform3D(0.125403, 0, 0.0823053, 0, 0.15, 0, -0.0823053, 0, 0.125403, 108.354, 0.147358, -65.9893)

[node name="CrossStone2" parent="Graveyard" instance=ExtResource("26_hplrs")]
transform = Transform3D(0.0245609, 0, -0.147976, 0, 0.15, 0, 0.147976, 0, 0.0245609, 126.002, 0.0994167, -79.9635)

[node name="Angel1" parent="Graveyard" instance=ExtResource("28_dj8na")]
transform = Transform3D(-0.598898, 0, 0.800825, 0, 1, 0, -0.800825, 0, -0.598898, 105.621, -2.38419e-07, -77.2492)

[node name="CemetaryGate" parent="Graveyard" instance=ExtResource("28_neona")]
transform = Transform3D(-0.512238, 0, 0.858844, 0, 1, 0, -0.858844, 0, -0.512238, 109.062, 0, -89.215)

[node name="Wall3" parent="Graveyard" instance=ExtResource("29_pvaao")]
transform = Transform3D(-0.511818, 0, 0.859094, 0, 1, 0, -0.859094, 0, -0.511818, 104.575, 0, -86.7053)

[node name="Wall4" parent="Graveyard" instance=ExtResource("29_pvaao")]
transform = Transform3D(-0.511818, 0, 0.859094, 0, 1, 0, -0.859094, 0, -0.511818, 101.989, 0, -85.1723)

[node name="Wall5" parent="Graveyard" instance=ExtResource("29_pvaao")]
transform = Transform3D(-0.511818, 0, 0.859094, 0, 1, 0, -0.859094, 0, -0.511818, 99.4065, 0, -83.6395)

[node name="Wall6" parent="Graveyard" instance=ExtResource("29_pvaao")]
transform = Transform3D(-0.511818, 0, 0.859094, 0, 1, 0, -0.859094, 0, -0.511818, 96.8352, 0, -82.0985)

[node name="Wall7" parent="Graveyard" instance=ExtResource("29_pvaao")]
transform = Transform3D(-0.511818, 0, 0.859094, 0, 1, 0, -0.859094, 0, -0.511818, 94.1992, 0, -80.5362)

[node name="Wall8" parent="Graveyard" instance=ExtResource("29_pvaao")]
transform = Transform3D(0.865116, 0, 0.501571, 0, 1, 0, -0.501571, 0, 0.865116, 100.612, 0, -62.9117)

[node name="Wall9" parent="Graveyard" instance=ExtResource("29_pvaao")]
transform = Transform3D(0.865116, 0, 0.501571, 0, 1, 0, -0.501571, 0, 0.865116, 99.1, 0, -65.5214)

[node name="Wall10" parent="Graveyard" instance=ExtResource("29_pvaao")]
transform = Transform3D(0.865116, 0, 0.501571, 0, 1, 0, -0.501571, 0, 0.865116, 97.5979, 0, -68.1256)

[node name="Wall11" parent="Graveyard" instance=ExtResource("29_pvaao")]
transform = Transform3D(0.865116, 0, 0.501571, 0, 1, 0, -0.501571, 0, 0.865116, 96.0959, 0, -70.7258)

[node name="Wall12" parent="Graveyard" instance=ExtResource("29_pvaao")]
transform = Transform3D(0.865116, 0, 0.501571, 0, 1, 0, -0.501571, 0, 0.865116, 94.5856, 0, -73.3152)

[node name="Wall13" parent="Graveyard" instance=ExtResource("29_pvaao")]
transform = Transform3D(0.865116, 0, 0.501571, 0, 1, 0, -0.501571, 0, 0.865116, 93.0547, 0, -75.9697)

[node name="Wall14" parent="Graveyard" instance=ExtResource("29_pvaao")]
transform = Transform3D(0.865116, 0, 0.501571, 0, 1, 0, -0.501571, 0, 0.865116, 105.118, 0, -55.1223)

[node name="Wall15" parent="Graveyard" instance=ExtResource("29_pvaao")]
transform = Transform3D(0.865116, 0, 0.501571, 0, 1, 0, -0.501571, 0, 0.865116, 103.607, 0, -57.7321)

[node name="Wall16" parent="Graveyard" instance=ExtResource("29_pvaao")]
transform = Transform3D(0.865116, 0, 0.501571, 0, 1, 0, -0.501571, 0, 0.865116, 102.105, 0, -60.3363)

[node name="Wall17" parent="Graveyard" instance=ExtResource("29_pvaao")]
transform = Transform3D(0.865116, 0, 0.501571, 0, 1, 0, -0.501571, 0, 0.865116, 108.124, 0, -49.9348)

[node name="Wall18" parent="Graveyard" instance=ExtResource("29_pvaao")]
transform = Transform3D(0.865116, 0, 0.501571, 0, 1, 0, -0.501571, 0, 0.865116, 106.613, 0, -52.5446)

[node name="Wall19" parent="Graveyard" instance=ExtResource("29_pvaao")]
transform = Transform3D(-0.511818, 0, 0.859094, 0, 1, 0, -0.859094, 0, -0.511818, 126.373, 0, -99.6763)

[node name="Wall20" parent="Graveyard" instance=ExtResource("29_pvaao")]
transform = Transform3D(-0.511818, 0, 0.859094, 0, 1, 0, -0.859094, 0, -0.511818, 123.782, 0, -98.1338)

[node name="Wall21" parent="Graveyard" instance=ExtResource("29_pvaao")]
transform = Transform3D(-0.511818, 0, 0.859094, 0, 1, 0, -0.859094, 0, -0.511818, 121.195, 0, -96.6009)

[node name="Wall22" parent="Graveyard" instance=ExtResource("29_pvaao")]
transform = Transform3D(-0.511818, 0, 0.859094, 0, 1, 0, -0.859094, 0, -0.511818, 118.613, 0, -95.068)

[node name="Wall23" parent="Graveyard" instance=ExtResource("29_pvaao")]
transform = Transform3D(-0.511818, 0, 0.859094, 0, 1, 0, -0.859094, 0, -0.511818, 116.042, 0, -93.5271)

[node name="Wall25" parent="Graveyard" instance=ExtResource("29_pvaao")]
transform = Transform3D(0.865116, 0, 0.501571, 0, 1, 0, -0.501571, 0, 0.865116, 135.827, 0, -83.9356)

[node name="Wall26" parent="Graveyard" instance=ExtResource("29_pvaao")]
transform = Transform3D(0.865116, 0, 0.501571, 0, 1, 0, -0.501571, 0, 0.865116, 134.315, 0, -86.5454)

[node name="Wall27" parent="Graveyard" instance=ExtResource("29_pvaao")]
transform = Transform3D(0.865116, 0, 0.501571, 0, 1, 0, -0.501571, 0, 0.865116, 132.813, 0, -89.1496)

[node name="Wall28" parent="Graveyard" instance=ExtResource("29_pvaao")]
transform = Transform3D(0.865116, 0, 0.501571, 0, 1, 0, -0.501571, 0, 0.865116, 131.311, 0, -91.7497)

[node name="Wall29" parent="Graveyard" instance=ExtResource("29_pvaao")]
transform = Transform3D(0.865116, 0, 0.501571, 0, 1, 0, -0.501571, 0, 0.865116, 129.801, 0, -94.3392)

[node name="Wall30" parent="Graveyard" instance=ExtResource("29_pvaao")]
transform = Transform3D(0.865116, 0, 0.501571, 0, 1, 0, -0.501571, 0, 0.865116, 128.27, 0, -96.9936)

[node name="Wall31" parent="Graveyard" instance=ExtResource("29_pvaao")]
transform = Transform3D(0.865116, 0, 0.501571, 0, 1, 0, -0.501571, 0, 0.865116, 140.333, 0, -76.1462)

[node name="Wall32" parent="Graveyard" instance=ExtResource("29_pvaao")]
transform = Transform3D(0.865116, 0, 0.501571, 0, 1, 0, -0.501571, 0, 0.865116, 138.822, 0, -78.756)

[node name="Wall33" parent="Graveyard" instance=ExtResource("29_pvaao")]
transform = Transform3D(0.865116, 0, 0.501571, 0, 1, 0, -0.501571, 0, 0.865116, 137.32, 0, -81.3602)

[node name="Wall34" parent="Graveyard" instance=ExtResource("29_pvaao")]
transform = Transform3D(0.865116, 0, 0.501571, 0, 1, 0, -0.501571, 0, 0.865116, 143.339, 0, -70.9587)

[node name="Wall35" parent="Graveyard" instance=ExtResource("29_pvaao")]
transform = Transform3D(0.865116, 0, 0.501571, 0, 1, 0, -0.501571, 0, 0.865116, 141.828, 0, -73.5685)

[node name="Wall36" parent="Graveyard" instance=ExtResource("29_pvaao")]
transform = Transform3D(0.999985, 0, -0.00551504, 0, 1, 0, 0.00551504, 0, 0.999985, 143.226, 0, -53.195)

[node name="Wall37" parent="Graveyard" instance=ExtResource("29_pvaao")]
transform = Transform3D(0.999985, 0, -0.00551504, 0, 1, 0, 0.00551504, 0, 0.999985, 143.243, 0, -56.2109)

[node name="Wall38" parent="Graveyard" instance=ExtResource("29_pvaao")]
transform = Transform3D(0.999985, 0, -0.00551504, 0, 1, 0, 0.00551504, 0, 0.999985, 143.267, 0, -59.2172)

[node name="Wall39" parent="Graveyard" instance=ExtResource("29_pvaao")]
transform = Transform3D(0.999985, 0, -0.00551504, 0, 1, 0, 0.00551504, 0, 0.999985, 143.288, 0, -62.2199)

[node name="Wall40" parent="Graveyard" instance=ExtResource("29_pvaao")]
transform = Transform3D(0.999985, 0, -0.00551504, 0, 1, 0, 0.00551504, 0, 0.999985, 143.297, 0, -65.2176)

[node name="Wall41" parent="Graveyard" instance=ExtResource("29_pvaao")]
